3
53

3
19
47

5
19

47
79

13
43
67

fail

59

17
47
61

13
97
97

19
67
71

2

2
11
31
31

13
23
23
31

37

41
61
79

23
29
67

67

5
23

3
13

61

17
73

31

3
11
83

2
19
31
47

47

5
19
41
43

17

29
31

71

41
59

43
67

5
19

29
67

19
23

3
37
71
97

2

2
2
13
67

67
71

29
41

11
47
71
71

fail

7
7
47

2
5

47
61

fail

11

fail

23
41
79

17

53

7
13

fail

17
29
31

23

61

67

fail

7
23
61

19
83

7
37
53

11
71
83

2
29
31

17
19

3
11
83
83

5

61

fail

11
47
59
83

3
31

41
47

fail

fail

61
71

59
73

17
59
79
89

5
37
61
61

2
37

31
59
67

17
59
71

5
23
89

73
73
83
89

fail

37
83

13
23
61

59

fail

2
53

67

7
79
89

47
89

fail

2
5

97

61
71

31
67
67

3
5
79
83

53
53
59

fail

31
47

fail

